112 39
310 320 330 340 350 360 340 340 330 310 310 320 330 350 360 370 320 340 320 320 300 340 330 350 360 360 330 320 330 330 300 310 330 350 360 370 320 340 300 
290 300 310 310 320 330 310 310 300 300 290 300 310 320 330 330 290 300 290 300 280 300 310 320 320 330 300 290 300 300 280 290 300 320 320 330 290 300 280 
270 280 280 290 290 290 290 280 280 280 270 280 290 290 290 300 280 280 280 280 270 280 280 290 290 300 280 270 280 280 270 270 280 280 280 290 280 270 270 
250 240 240 240 240 240 240 240 240 260 250 250 240 240 240 250 250 240 240 250 260 240 240 240 240 240 230 250 240 240 260 250 230 220 220 220 240 220 250 
250 230 230 220 220 220 220 220 220 250 250 240 220 210 220 220 240 220 230 240 250 230 220 220 220 220 210 240 220 230 250 240 220 210 200 200 230 210 250 
240 220 210 200 200 200 200 210 200 240 240 230 210 200 200 200 230 200 220 220 250 220 210 200 200 190 190 240 210 210 250 230 200 180 180 170 220 190 240 
230 210 200 200 200 190 190 200 200 230 230 220 200 190 190 190 220 190 210 220 240 210 200 190 190 190 190 230 200 200 250 220 190 180 170 170 210 180 240 
220 210 200 190 190 190 190 200 190 230 230 210 200 190 190 190 220 190 210 210 240 210 190 190 190 200 190 220 200 200 240 220 190 180 170 170 210 180 230 
220 210 210 200 200 200 200 200 200 230 230 220 210 200 200 210 220 200 210 220 230 210 200 210 210 210 200 220 200 210 230 220 200 190 200 190 210 190 230 
230 220 230 220 220 230 220 230 220 240 230 230 230 230 230 230 230 230 220 230 230 220 230 230 230 240 220 230 220 230 230 230 210 210 210 220 220 210 230 
240 250 250 250 250 250 250 250 240 240 240 240 250 250 260 260 240 250 240 240 240 240 250 260 260 260 250 240 240 250 230 240 240 250 250 260 240 250 240 
230 230 240 240 240 270 240 230 230 230 230 240 240 240 240 240 240 240 240 240 230 240 240 240 250 250 240 230 230 230 220 230 240 240 240 240 240 240 230 
200 210 210 220 220 230 220 210 220 210 210 210 220 220 230 230 210 220 210 210 200 210 210 220 230 230 220 210 220 210 200 200 220 220 220 230 210 220 200 
160 160 170 170 170 160 160 160 170 160 160 160 160 160 160 160 160 160 160 160 160 160 170 160 160 170 170 160 170 160 160 160 170 170 170 160 160 160 160 
130 130 130 130 130 120 130 130 130 130 130 130 130 130 120 120 130 130 130 130 130 130 130 130 120 120 130 130 140 130 130 130 130 130 130 120 120 130 130 
120 120 120 110 110 100 110 110 120 110 120 110 110 100 100 90 110 110 110 110 110 110 110 110 100 100 120 110 130 120 120 120 120 120 110 100 110 110 120 
110 110 100 100 100 80 90 100 100 100 110 100 100 90 80 80 100 100 100 100 100 100 100 90 90 90 100 100 110 100 110 100 100 90 90 80 90 100 100 
100 100 100 90 90 80 90 90 100 90 100 100 90 90 80 80 90 90 100 90 100 100 90 90 90 80 100 90 110 100 100 100 100 90 80 70 90 90 100 
100 100 100 90 90 80 90 90 100 90 100 100 90 90 80 80 100 90 100 90 100 100 100 90 90 90 100 100 110 100 100 100 100 90 80 70 90 90 100 
110 110 110 100 100 100 100 100 110 110 110 110 110 100 100 100 110 100 100 100 110 110 110 110 110 110 110 110 120 110 110 110 110 100 100 100 100 110 110 
120 130 120 120 120 120 120 120 130 120 120 120 120 120 120 120 120 120 120 120 120 130 120 130 120 120 130 120 130 130 120 120 120 120 120 120 120 120 120 
150 150 160 160 160 160 150 160 160 150 150 150 150 150 150 150 150 150 150 150 150 150 160 160 160 160 160 150 160 160 150 150 150 160 150 160 150 150 150 
180 180 180 190 190 200 190 190 190 180 180 180 190 190 200 210 180 190 180 180 170 190 190 200 200 200 190 180 180 190 170 180 190 200 210 210 190 200 180 
140 150 150 150 150 150 150 150 150 140 140 140 150 150 150 150 150 150 150 150 140 150 150 150 150 150 150 150 150 150 130 150 150 160 160 160 150 150 140 
100 100 100 100 110 100 110 100 110 100 110 100 110 110 110 100 110 110 110 110 100 110 110 110 100 100 110 110 110 110 100 110 110 110 110 110 110 120 110 
90 90 90 90 90 80 90 90 90 90 90 90 90 90 90 80 90 90 90 90 90 90 90 90 90 80 90 90 90 90 90 100 100 90 90 90 100 100 90 
80 80 80 70 70 70 80 70 80 80 80 80 70 70 70 70 80 80 80 80 80 80 80 70 70 70 80 80 80 80 80 80 80 70 70 70 80 80 80 
70 70 70 70 70 60 70 70 70 80 80 80 70 70 70 60 80 70 80 80 80 80 70 70 70 60 70 80 80 70 70 70 70 70 60 60 70 80 80 
80 80 70 70 70 60 70 70 70 80 80 80 70 70 70 70 80 70 80 80 80 80 80 70 70 70 80 80 80 80 80 80 70 70 70 60 80 80 80 
90 90 90 90 90 80 90 90 90 100 90 90 90 90 90 80 90 90 90 90 100 100 90 90 90 80 90 100 100 100 90 100 90 90 90 80 100 100 90 
110 110 110 100 110 100 100 110 110 110 110 110 110 110 110 100 110 110 110 110 110 110 110 110 110 110 110 110 110 110 110 110 110 110 100 100 110 110 110 
140 150 150 150 150 150 150 150 150 150 140 150 150 150 150 150 150 150 150 150 140 150 150 150 150 150 150 150 150 150 140 140 150 150 150 150 140 150 140 
170 180 180 190 190 200 190 190 180 180 180 180 190 190 200 210 180 190 180 180 170 190 190 200 190 200 190 180 190 190 170 180 190 200 200 210 190 190 180 
150 160 160 160 160 170 160 160 160 150 150 150 160 160 160 160 150 160 160 150 150 160 160 160 160 160 160 160 150 160 150 150 160 160 170 170 160 160 150 
120 120 120 120 120 120 120 120 120 120 120 120 120 120 120 120 120 120 120 120 120 120 120 120 120 110 120 120 120 120 120 120 120 130 130 130 120 120 120 
110 110 110 110 110 100 110 110 110 110 110 110 110 110 100 100 110 100 110 110 110 110 110 100 100 100 100 110 100 110 110 110 110 110 110 110 110 110 100 
100 90 90 90 90 90 90 90 90 90 90 90 90 90 90 90 90 90 90 90 90 90 90 80 90 80 90 90 90 90 90 90 90 90 90 80 90 90 90 
100 90 90 90 90 80 90 90 90 90 100 90 90 90 80 80 90 90 90 90 90 90 90 80 80 80 90 90 90 90 90 90 90 80 80 80 90 80 90 
100 100 100 90 90 80 90 90 100 100 100 100 90 90 90 90 100 90 90 100 100 90 90 90 80 80 90 90 90 90 100 100 90 90 80 80 90 90 90 
120 110 110 110 110 100 110 110 110 110 110 110 110 110 100 100 110 110 110 110 110 110 110 110 100 100 110 110 110 110 120 110 110 110 110 100 110 100 110 
120 120 130 120 120 120 120 120 120 120 130 130 130 130 120 120 130 130 120 130 130 120 120 120 120 120 120 120 120 120 130 130 130 130 120 120 120 120 130 
160 170 160 170 170 160 170 160 170 160 160 160 160 160 160 160 160 160 160 160 160 160 160 160 160 160 160 160 160 160 160 160 160 160 170 160 160 160 160 
190 190 200 200 200 200 200 200 200 190 190 200 200 210 210 210 190 200 200 200 190 200 200 210 210 210 210 200 200 200 190 190 200 210 220 220 200 200 190 
180 180 180 190 190 190 190 190 190 170 180 180 180 190 190 190 180 180 180 180 180 180 180 190 190 190 180 180 180 180 180 180 190 190 190 190 180 190 180 
160 160 160 160 160 160 160 160 160 160 160 160 160 160 160 160 160 160 160 160 160 160 160 160 160 160 160 150 150 160 170 170 160 170 170 170 160 170 160 
150 150 150 150 150 150 150 150 150 140 150 140 140 140 140 140 150 150 150 150 150 150 140 140 140 140 150 140 140 150 160 150 150 150 150 150 150 160 150 
140 140 130 130 130 140 130 130 140 130 150 140 130 130 130 130 140 140 140 140 150 140 130 130 120 120 140 130 130 130 150 140 140 140 130 130 140 150 140 
140 140 130 130 130 130 130 130 140 130 150 140 130 130 130 130 140 140 140 140 150 140 130 130 120 120 140 130 130 130 150 140 130 130 130 130 140 150 150 
150 140 140 140 140 130 140 140 140 140 150 140 130 130 130 130 150 140 150 150 160 140 140 130 120 130 150 130 130 140 160 150 140 140 130 130 140 160 150 
160 160 150 150 150 140 150 150 150 150 160 150 150 140 140 140 160 150 160 150 170 160 150 150 140 140 160 150 150 150 170 160 160 150 150 150 160 170 160 
170 170 170 170 160 160 170 170 170 160 180 170 160 160 160 160 170 170 170 170 180 170 170 160 160 160 170 160 160 170 180 170 170 170 170 170 170 180 170 
190 190 190 190 200 190 200 190 200 190 190 190 190 190 190 190 190 200 190 190 190 190 190 190 190 190 200 190 190 190 190 190 200 200 200 200 190 200 190 
220 220 230 230 240 240 240 230 230 220 220 230 240 240 240 250 230 240 230 230 220 230 230 240 240 240 230 230 230 230 220 230 240 240 250 250 240 240 220 
240 250 260 260 260 280 270 260 260 250 240 250 260 280 280 280 250 270 260 250 230 250 260 270 270 280 260 260 260 260 240 250 260 270 290 290 260 260 240 
270 280 290 290 300 330 300 300 290 280 260 280 300 310 310 320 280 300 290 280 250 280 290 300 300 310 290 290 290 290 260 270 290 300 320 330 290 290 260 
290 310 320 330 330 370 330 330 330 310 280 310 330 350 350 360 310 330 310 310 270 300 320 330 340 350 320 320 320 320 280 290 320 340 350 360 310 320 290 
145 145 145 135 135 135 135 135 135 135 145 135 135 135 135 135 145 135 135 145 145 145 135 135 135 135 135 135 145 145 145 145 145 135 135 135 145 145 145 
115 115 115 105 105 105 105 105 115 115 115 115 105 105 105 105 115 105 115 115 125 115 105 105 105 95 105 115 115 105 125 115 105 105 105 105 115 105 115 
95 95 85 85 85 85 85 85 95 95 95 95 95 95 85 85 95 95 95 95 95 85 85 75 75 75 85 95 95 85 105 95 85 85 85 85 95 85 95 
65 65 65 65 75 75 65 65 75 65 65 65 65 75 75 75 65 65 65 65 65 55 65 65 65 65 65 55 65 65 65 55 65 75 75 85 65 75 65 
55 55 55 65 65 65 65 55 65 45 45 55 55 65 65 75 55 65 55 55 45 45 55 65 65 75 65 45 55 55 55 45 55 65 75 85 45 75 45 
35 45 45 55 55 65 55 45 55 35 35 35 45 55 65 65 35 55 45 35 35 35 45 55 65 75 65 25 45 45 35 35 45 65 75 75 35 65 35 
35 45 45 55 55 65 55 55 55 35 35 35 55 65 65 75 35 65 45 45 35 35 55 65 65 85 65 25 45 45 25 35 45 75 75 85 35 75 35 
35 55 55 65 75 75 65 65 65 45 45 45 55 75 75 85 45 65 55 55 35 45 55 75 75 95 75 35 55 55 35 35 65 85 85 95 45 85 35 
55 65 75 85 85 105 85 75 85 55 55 65 75 95 95 95 65 85 75 65 55 65 75 85 95 95 85 55 75 65 55 55 75 95 105 115 65 95 55 
75 85 95 95 95 105 95 95 95 75 75 85 95 105 105 105 85 95 85 85 65 85 85 95 95 95 95 75 95 85 65 75 85 105 115 115 75 105 65 
105 115 105 115 105 115 115 115 115 105 95 105 115 115 115 105 105 115 105 105 95 105 105 105 105 95 105 105 105 105 105 105 115 115 115 115 105 115 105 
125 115 115 115 115 105 115 115 115 115 125 115 125 125 115 115 115 115 125 115 115 115 115 115 105 105 115 125 115 115 115 125 125 125 125 115 125 115 125 
125 125 125 115 115 115 115 125 115 115 125 125 125 125 125 115 125 125 125 125 125 125 115 115 115 105 115 125 115 115 125 125 125 125 125 125 125 125 125 
105 105 105 105 105 125 115 115 105 105 105 105 105 105 115 115 105 105 105 105 115 115 105 105 115 115 105 115 95 105 105 115 105 105 115 115 125 105 115 
95 95 95 95 95 125 105 105 95 105 95 95 95 95 115 125 95 95 95 105 105 105 95 105 115 115 95 105 85 105 95 95 95 95 105 115 115 105 95 
95 85 95 95 95 125 95 105 85 95 85 95 95 95 115 125 95 95 95 95 105 95 95 105 115 125 85 105 75 95 95 95 85 85 105 115 115 95 95 
85 85 95 95 95 125 95 105 85 95 85 95 95 95 115 135 95 95 95 105 105 105 105 115 125 125 95 105 75 105 85 95 85 85 105 115 115 95 95 
95 95 95 105 105 135 105 105 95 105 95 95 105 105 125 135 105 105 95 105 105 105 105 125 125 135 95 115 85 105 95 95 95 95 105 125 125 105 95 
105 105 105 115 115 145 115 115 105 115 95 105 105 115 135 145 115 115 105 115 115 115 115 125 135 145 105 115 85 115 95 105 105 105 115 135 135 115 105 
105 105 115 125 115 155 125 125 115 125 105 115 115 125 135 145 115 115 115 125 125 125 125 135 145 145 115 125 95 125 105 115 115 115 125 135 135 115 115 
115 115 115 125 125 145 125 125 115 125 115 115 125 125 145 145 125 125 115 125 125 125 125 135 145 145 115 135 105 125 115 115 115 115 135 145 145 125 125 
135 125 135 135 135 155 135 135 135 135 125 135 135 135 145 145 135 135 135 135 135 135 135 135 145 145 125 145 115 135 125 135 135 135 145 145 145 135 135 
155 145 145 145 145 155 155 155 145 145 145 155 155 155 155 155 155 155 155 155 145 155 155 155 145 145 145 155 145 155 155 155 155 155 165 165 155 155 155 
155 155 155 155 155 155 155 155 145 155 155 155 155 155 155 155 155 155 155 155 155 155 155 145 155 145 145 155 155 155 165 155 155 155 155 155 155 135 155 
155 155 155 155 155 155 155 155 135 165 165 155 155 155 145 155 155 145 145 155 155 155 145 145 155 155 145 155 165 155 165 155 145 145 145 145 145 125 165 
155 155 155 155 155 155 155 155 135 175 165 155 155 145 145 155 155 145 145 155 155 155 145 145 155 155 145 155 175 155 165 155 145 145 145 145 135 125 165 
155 165 155 155 155 155 155 155 135 175 165 165 155 155 145 155 165 155 155 155 155 155 155 155 165 155 145 165 185 155 165 155 145 145 145 145 135 115 165 
165 175 165 165 165 165 165 165 145 185 175 175 165 165 155 165 165 155 155 165 165 165 165 165 175 175 155 175 195 165 175 165 155 155 155 155 145 125 175 
175 175 175 175 175 175 175 175 155 195 185 185 175 175 165 175 175 165 165 165 175 175 165 175 175 185 165 185 195 175 185 175 165 165 165 165 155 135 185 
175 185 175 185 185 175 175 175 165 195 185 185 175 175 175 175 175 175 175 175 175 175 175 175 185 185 165 185 195 175 185 175 165 175 175 165 165 145 185 
175 185 175 175 175 175 175 175 165 185 185 185 185 175 175 175 175 175 175 175 175 175 175 175 185 175 165 185 195 175 185 175 175 175 175 175 165 155 185 
185 185 185 185 185 185 185 185 175 185 185 185 185 185 185 185 175 175 185 175 175 185 175 175 185 185 175 185 185 175 185 185 185 185 185 185 175 165 185 
185 185 185 185 185 195 185 185 185 185 185 185 195 195 195 195 185 185 185 185 175 185 185 185 185 185 185 195 185 185 185 195 195 195 195 205 185 185 185 
195 195 195 185 185 185 195 195 205 195 195 195 195 195 195 185 195 195 195 195 195 195 195 185 185 185 185 195 195 195 195 195 195 195 195 195 185 185 195 
215 205 205 195 195 185 195 195 215 205 205 205 205 195 195 185 205 195 195 195 215 195 195 195 185 185 195 205 205 195 205 205 205 195 185 185 185 185 205 
215 215 205 195 195 185 195 195 215 205 215 205 205 195 185 185 205 195 195 205 215 195 195 195 185 185 195 205 205 195 215 205 205 185 185 175 185 185 205 
225 215 215 195 195 185 195 195 225 215 225 215 205 195 195 185 205 195 205 205 225 205 205 195 185 185 205 205 215 195 215 215 205 195 185 175 195 195 215 
235 225 225 205 205 195 205 205 235 225 225 225 215 205 205 195 215 205 215 215 225 215 215 205 195 195 215 215 225 205 225 225 215 195 195 185 195 195 215 
235 235 235 215 215 195 215 215 245 225 235 225 225 215 215 205 225 215 225 225 235 215 225 215 205 205 215 225 235 215 235 225 225 205 205 195 205 205 225 
235 235 225 215 215 205 215 215 245 225 235 225 225 225 215 205 225 215 225 225 235 225 225 215 215 215 215 225 235 215 235 225 225 215 215 205 215 215 225 
235 235 225 215 215 205 215 215 235 225 225 225 225 225 215 205 215 215 215 225 225 215 225 215 215 205 215 225 225 215 225 225 225 215 215 205 215 215 225 
225 225 225 215 215 215 215 215 225 215 215 225 225 225 215 215 215 215 215 215 215 215 225 215 215 215 215 225 225 215 215 225 225 225 225 215 215 215 215 
215 215 215 215 215 215 215 225 215 215 215 215 225 225 225 225 215 215 215 215 205 215 225 225 215 215 225 225 215 225 215 215 225 225 225 225 225 225 215 
235 235 225 225 225 215 235 235 235 225 235 235 235 225 225 215 235 235 245 235 235 235 235 225 225 215 245 225 225 235 235 245 245 235 235 225 245 245 235 
245 245 235 235 235 215 235 245 245 235 255 245 235 235 225 215 245 245 255 245 255 255 245 235 225 215 255 235 245 245 255 255 245 245 235 225 255 265 255 
255 245 245 245 245 215 235 245 245 235 265 245 235 235 225 215 255 255 265 255 265 255 245 235 225 215 265 245 245 255 255 255 255 245 225 215 265 275 265 
255 255 255 245 245 215 245 255 255 245 265 255 245 235 225 215 265 265 275 265 275 265 255 245 235 225 275 255 255 265 275 265 255 245 235 215 265 285 275 
265 265 255 255 255 215 255 255 265 255 275 265 255 245 235 225 275 265 275 275 285 275 265 255 245 235 285 255 265 275 275 275 265 255 235 225 275 295 275 
265 265 265 265 265 225 265 265 265 255 275 265 255 245 245 235 275 275 275 275 285 275 275 255 245 235 285 265 265 275 275 275 275 265 245 225 285 295 285 
265 265 265 265 265 235 265 265 265 255 275 265 255 255 245 235 275 275 275 275 275 275 265 255 255 245 275 265 265 275 275 275 275 265 255 235 275 295 275 
265 255 255 255 255 235 255 265 265 255 265 265 255 255 245 245 265 265 265 265 265 265 265 255 245 245 275 255 255 265 265 265 265 265 255 245 275 285 265 
245 245 245 255 255 245 255 255 255 245 245 255 255 255 255 245 255 255 255 255 245 255 255 255 245 245 265 245 245 255 245 255 265 265 255 255 265 265 255 
235 235 245 245 245 255 245 245 245 235 225 235 245 255 255 255 235 245 245 235 225 235 245 245 245 245 245 245 235 245 225 235 245 255 255 265 245 245 235 
235 235 245 245 245 265 245 245 245 235 225 235 245 245 255 255 235 245 235 235 225 235 245 245 245 255 245 235 235 245 225 235 245 255 255 255 235 245 225 
235 235 245 245 245 255 245 245 245 235 225 235 235 245 245 255 235 235 235 235 225 235 245 245 245 245 235 235 235 235 215 225 235 245 245 255 235 235 225 
225 235 235 235 235 245 235 235 235 225 225 225 225 235 235 235 225 225 225 225 215 225 235 235 235 245 235 225 235 235 215 225 235 235 245 245 225 225 215 
